0.24892309733958748,0.041223886114486706,0.7098530165459258
0.2472258263552203,0.06666730042612273,0.6861068732186569
0.11667530175321691,0.8081800761729665,0.07514462207381661
0.35165209441607775,0.07943820591677782,0.5689096996671443
0.23172122282479973,0.06213015004794413,0.7061486271272561
0.20136072131344482,0.6933618575322184,0.1052774211543371
0.2113978173255135,0.6415616139644443,0.14704056871004215
0.11032169210407557,0.8185440458781728,0.07113426201775182
0.44132505208437023,0.08669671988099342,0.4719782280346364
0.42657945880201353,0.12490196556534532,0.44851857563264114
0.11830142881519283,0.8049757911889303,0.07672277999587677
0.3111592783711769,0.029294396493589673,0.6595463251352334
0.10521006882033553,0.827147197324204,0.06764273385546052
0.08567236942615582,0.8674757105838193,0.046851919990024964
0.23960263491097858,0.07091750865467719,0.6894798564343442
0.40795754910585325,0.2939619014217685,0.2980805494723783
0.2179267315903142,0.053884687414718836,0.728188580994967
0.49770541760243114,0.18644757737947734,0.31584700501809143
0.2887609372547649,0.5334716586224065,0.17776740412282857
0.11957799515047333,0.8029072019189906,0.07751480293053609
0.20533650185702224,0.6869834459548995,0.10768005218807837
0.2272255020946711,0.6104330462909114,0.16234145161441754
0.21650894257619668,0.6516022816927272,0.13188877573107619
0.18812560581132481,0.6924506150838141,0.11942377910486131
0.2797451700793953,0.09252568621440467,0.6277291437062001
0.11132595078703551,0.8169949247766897,0.07167912443627486
0.21098616602345147,0.04749152107076679,0.7415223129057819
0.12740543638082036,0.7895306446614545,0.0830639189577251
0.3116922376473161,0.476156418919211,0.2121513434334729
0.5154240678909704,0.15213067344612205,0.33244525866290764
0.27975751397873483,0.5019642558265087,0.21827823019475637
0.10382058770956766,0.8296359623961999,0.06654344989423257
0.3300611845222812,0.12497370767018322,0.5449651078075356
0.10084953021145046,0.8362087620387547,0.06294170774979492
0.22047823101334352,0.6398407348602478,0.13968103412640864
0.2434010347346944,0.07270709537383463,0.6838918698914711
0.3212141593017498,0.12681223540237876,0.5519736052958716
0.1272934586001283,0.8000288038852121,0.07267773751465957
0.31456378011803043,0.10957031524776671,0.5758659046342028
0.3988847959921279,0.16626557723703073,0.4348496267708414
0.2853172184703828,0.07088414546068686,0.6437986360689304
0.4145647722206296,0.43570569712142915,0.14972953065794123
0.23599636463466347,0.06402436145346961,0.6999792739118669
0.24650574848202578,0.07418818407071222,0.6793060674472621
0.16473086488620176,0.7252130288603265,0.1100561062534718
0.41245049091701674,0.08041759578361274,0.5071319132993705
0.5123810896749097,0.1541334456067207,0.33348546471836965
0.25203465945642217,0.07698198245907244,0.6709833580845054
0.13944631652832454,0.7686171860864136,0.09193649738526181
0.19512350033335318,0.04124932222856382,0.7636271774380831
0.3319672078592944,0.4482913329047156,0.2197414592359901
0.183855744870374,0.7211853809931577,0.09495887413646832
0.2353762985770754,0.06841617308892811,0.6962075283339964
0.20824240688226484,0.7041834312315227,0.08757416188621239
0.39832935841946376,0.41598144924401764,0.18568919233651857
0.282236351907074,0.052369218070609964,0.6653944300223159
0.2844490157574615,0.05903010538413247,0.6565208788584059
0.12226460596545152,0.8005629272304264,0.07717246680412192
0.2520049601997139,0.07702619023405638,0.6709688495662297
0.4559691560561433,0.18078874677483267,0.363242097169024
0.3034821150404998,0.043203601739874975,0.6533142832196251
0.22008768354998517,0.05770192217627619,0.7222103942737388
0.22710554783369433,0.058435532659101896,0.7144589195072037
0.3978460932467054,0.20593465113004247,0.3962192556232523
0.12412477921382432,0.7948168391850009,0.0810583816011747
0.3599732181889242,0.4593235973443629,0.18070318446671293
0.23662724340865537,0.06099962671117856,0.7023731298801661
0.23903790384022933,0.0704041895754259,0.6905579065843447
0.24617426986195168,0.6166056884262543,0.13722004171179386
0.41688965674019085,0.08456106655500215,0.49854927670480703
0.14959710336722395,0.7540110163934827,0.09639188023929345
0.3341010538963238,0.41653898191793637,0.2493599641857398
0.2556848879256108,0.07651319655162085,0.6678019155227684
0.4950998284538325,0.2529211212650448,0.2519790502811227
0.3105020877860525,0.030547956894846906,0.6589499553191006
0.16679804040413024,0.728324403074434,0.10487755652143564
0.15209965009270274,0.7478751810911886,0.10002516881610886
0.11124537791714456,0.8265090128253293,0.0622456092575263
0.2501197555203511,0.07602350801026252,0.6738567364693864
0.3635990931608336,0.399286827641022,0.2371140791981444
0.19729005717262918,0.7179252785287954,0.08478466429857529
0.3955154986850836,0.17273719099864085,0.4317473103162755
0.5174725863843642,0.176431536385144,0.30609587723049175
0.5210167486844114,0.21419022753780192,0.2647930237777867
0.1469583688011273,0.7563147153286669,0.09672691587020588
0.22349224380668684,0.6197033090018969,0.1568044471914163
0.21447920819522898,0.6352688885424244,0.1502519032623468
0.24505333417216563,0.5760225741582413,0.17892409166959292
0.23416703993135382,0.06324504388526034,0.7025879161833858
0.2936971095478778,0.10227109730876194,0.6040317931433601
0.24249742781433045,0.5804451149387493,0.17705745724692035
0.06068930030045644,0.9024550425029089,0.03685565719663473
0.21863719593492745,0.056984264376298936,0.7243785396887735
0.2034883810386932,0.04468038681527959,0.7518312321460271
0.2650541383945056,0.05184734712482142,0.683098514480673
0.2502996630112494,0.07608306542885278,0.6736172715598978
0.1756367848523014,0.736386532118448,0.08797668302925069
0.2464550232601384,0.07413658502577332,0.6794083917140884
0.4458483118405282,0.16755361950461525,0.3865980686548566
0.389342353262287,0.21344549447334737,0.3972121522643656
0.3408154438069742,0.07216254503032384,0.5870220111627019
0.32256041027119775,0.4553145562458607,0.22212503348294152
0.14940637421427824,0.7538429380374525,0.09675068774826925
0.33896407152210956,0.41260220793923713,0.24843372053865326
0.23909079058504568,0.06962278079757411,0.69128642861738
0.2525209672484056,0.0460859332998114,0.7013930994517831
0.11058663564351337,0.8181926792323204,0.07122068512416611
0.28587403536874184,0.09552599942850079,0.6185999652027575
0.19732711539531178,0.7001117410274094,0.10256114357727884
0.21630461778672397,0.6312442439490905,0.15245113826418566
0.09409032058654454,0.8529977365280313,0.052911942885424154
0.24516153717872866,0.07340487223587577,0.6814335905853957
0.18125904416472977,0.6953647686070692,0.12337618722820103
0.3009304542656122,0.10787317180950183,0.591196373924886
0.2613355789984089,0.6390750360129441,0.09958938498864699
0.10350117201973716,0.8300817806489316,0.0664170473313314
0.510199108171219,0.29188289117262517,0.1979180006561558
0.2428551598047688,0.0724811014359,0.6846637387593311
0.42028036218915604,0.17854983416631118,0.40116980364453286
0.23872945362686843,0.07047032935251651,0.6908002170206151
0.27053932509057277,0.5231983531226206,0.2062623217868066
0.34435088708789136,0.08021088239154846,0.57543823052056
0.14888048461023023,0.7527269503853673,0.0983925650044025
0.23965157806332077,0.07090258101257355,0.6894458409241058
0.35480175594830343,0.22951171560355024,0.41568652844814635
0.285992680448669,0.48869697572130405,0.22531034383002702
0.2847775575965896,0.07273190573109964,0.6424905366723107
0.09966168389007264,0.8407454823665648,0.05959283374336246
0.35872305993372394,0.20866460317460428,0.43261233689167183
0.3905767702109018,0.20946585969811166,0.3999573700909865
0.4324389526670785,0.18864282598877738,0.3789182213441442
0.1145518768768994,0.8160979310717991,0.0693501920513015
0.510520162082277,0.28705598185101505,0.20242385606670787
0.35584989114096377,0.17993561393730415,0.4642144949217321
0.0705611487221515,0.8862658127686851,0.04317303850916336
0.49142886297653765,0.25619425617837305,0.2523768808450893
0.23155207425414528,0.6037060044915666,0.16474192125428805
0.09128838506748552,0.8519914273288102,0.0567201876037043
0.3201147186731231,0.3925806267863995,0.2873046545404773
0.10960975547671695,0.8197399481347042,0.07065029638857893
0.416070804445114,0.09289364915760194,0.49103554639728403
0.2595065249680034,0.06416706753356072,0.6763264074984359
0.28504434876133894,0.09564061788121318,0.6193150333574479
0.3341082660903223,0.38258808577468034,0.2833036481349972
0.1606933816032112,0.7317629993531277,0.10754361904366097
0.24483416658948914,0.06595250482621254,0.6892133285842984
0.1321843186858452,0.7927972385081482,0.07501844280600661
0.27487972725502374,0.07829744651767376,0.6468228262273026
0.6017780695726743,0.19015237227258786,0.20806955815473774
0.20009832043323275,0.67163553671029,0.12826614285647736
0.3580254458584599,0.3908010664040624,0.2511734877374777
0.11011320834486817,0.8191282118806235,0.07075857977450825
0.12080318606293923,0.8013027406368706,0.07789407330019033
0.3101611699126025,0.42463027081130494,0.2652085592760926
0.21039124816055993,0.662100261147504,0.12750849069193618
0.4070057520379161,0.24283285333910315,0.3501613946229809
0.17683514319307098,0.703425872112263,0.11973898469466615
0.24326220700173523,0.07266891794273488,0.6840688750555299
0.2187550609643856,0.6271769803713346,0.15406795866427964
0.2291647514064039,0.061147008397083515,0.7096882401965126
0.23936379400333174,0.07079550436924265,0.6898407016274256
0.278361338211275,0.09001897470156808,0.6316196870871568
0.11706925044637573,0.8070109882803537,0.0759197612732706
0.24836081070603802,0.04404710889193752,0.7075920804020245
0.1289643612989769,0.7869043185848048,0.08413132011621843
0.28888630480295135,0.09864385267193454,0.612469842525114
0.3078106004354934,0.4884602542148715,0.20372914534963507
0.21699271666903994,0.6350898664241529,0.14791741690680715
0.1204514805991977,0.8013173413601978,0.07823117804060448
0.17080171619992118,0.7429913387522167,0.08620694504786218
0.31065606799464107,0.07770826449450609,0.611635667510853
0.23526427895496693,0.5950012444360836,0.16973447660894936
0.4324286407000169,0.18716524855536948,0.3804061107446137
0.21953798791039378,0.053413247950056565,0.7270487641395497
0.28374940698410955,0.49268976870211545,0.22356082431377497
0.2433563936718435,0.0726636904850748,0.6839799158430817
0.06209926553673125,0.9015662325601083,0.03633450190316052
0.2411711952457365,0.07163999174254468,0.687188813011719
0.25552113255156667,0.5568063698098562,0.18767249763857718
0.5028834964655889,0.184638780340664,0.3124777231937471
0.10730733170680594,0.8235508859096601,0.06914178238353395
0.3942006393039007,0.21905527837854855,0.38674408231755064
0.37440593065779404,0.14054836958252806,0.485045699759678
0.39654706919982585,0.2132191985190476,0.3902337322811265
0.24724688579362047,0.6147633412422693,0.1379897729641102
0.1177932098014679,0.8195462183448708,0.0626605718536612
0.20143937610948734,0.04273195669437253,0.7558286671961401
0.12094952298206736,0.8003733403797614,0.07867713663817114
0.5206137607742694,0.13929018033474158,0.34009605889098915
0.421105469787896,0.08950815924185557,0.48938637097024845
0.4546740612421816,0.04873851380774729,0.4965874249500712
0.2339070911295967,0.06087338969984587,0.7052195191705575
0.4076298723357209,0.1485184977705054,0.4438516298937736
0.3790262274097153,0.31608565571650016,0.3048881168737846
0.47438345908785334,0.26268607413703116,0.26293046677511567
0.1969066643657341,0.6710602193031536,0.13203311633111214
0.15914257828646028,0.7646821348029598,0.07617528691058001
0.209316701007528,0.650504627279145,0.14017867171332687
0.25298715506551517,0.05899720832295888,0.6880156366115259
0.30147522225879797,0.08790013703821545,0.6106246407029866
0.39328534390170955,0.22084546930122315,0.3858691867970674
0.6067766441777503,0.1896767521721443,0.20354660365010527
0.0465827981412959,0.928247995492529,0.02516920636617496
0.3845141984068604,0.22478277953152573,0.39070302206161395
0.2337761419125563,0.5971591645015291,0.16906469358591467
0.3988499699196295,0.20495822088684046,0.3961918091935299
0.21073739931060007,0.047141618016305606,0.7421209826730943
0.399345500541197,0.18504086472470713,0.41561363473409585
0.22787497732041603,0.6193573313804197,0.15276769129916432
0.46439189724244934,0.13659940477677626,0.3990086979807744
0.1823498126324476,0.6972460157655745,0.1204041716019779
0.46886887603189625,0.268553265257029,0.2625778587110747
0.2609733114254362,0.06543124934353207,0.6735954392310317
0.07196087664370723,0.8891867206572459,0.03885240269904688
0.44124853302481704,0.043970083952331825,0.5147813830228511
0.4119203058881248,0.19849283846786886,0.38958685564400625
0.1154953041093304,0.8096192333769738,0.07488546251369577
0.4865732669445553,0.1579101058528417,0.35551662720260285
0.4902178511419518,0.2553749615326339,0.25440718732541434
0.14263272328694057,0.7637015318200252,0.09366574489303427
0.2758538256933505,0.5097282759330383,0.21441789837361133
0.11738671719046617,0.8068689358833042,0.07574434692622975
0.17859661220218306,0.029830249949876333,0.7915731378479407
0.22140676606961032,0.6228346781868396,0.15575855574355002
0.38892967152970903,0.21859571529719807,0.39247461317309285
0.2268406438963812,0.05879894131243867,0.7143604147911802
0.12789783265437854,0.788538620363348,0.08356354698227349
0.10035335834679547,0.8399521289997944,0.059694512653410275
0.3918269967030747,0.15651724938043596,0.4516557539164892
0.31148488748057823,0.46098098643586427,0.22753412608355744
0.10374589999421528,0.8383577960971302,0.05789630390865442
0.11026153366553361,0.8187785010049952,0.07095996532947124
0.060656417820045334,0.9024768450201761,0.03686673715977862
0.2094075519850279,0.053678641159179905,0.7369138068557923
0.05709774582989919,0.909424873650195,0.03347738051990576
0.14053739975196441,0.7674008361909479,0.09206176405708752
0.3859839369633559,0.3055279371418283,0.3084881258948157
0.42554430981607055,0.1343671247917998,0.4400885653921297
0.5390366193465633,0.20655126175099464,0.25441211890244203
0.36099380957461663,0.45803990685806584,0.1809662835673174
0.35392388680234016,0.03864527763220146,0.6074308355654584
0.6056115492022434,0.17824640312168327,0.21614204767607348
0.17507743429096198,0.7065654634649327,0.11835710224410538
0.21883076702698925,0.0547818338603572,0.7263873991126536
0.11798214140239967,0.8053760959478921,0.0766417626497085
0.44486621921166386,0.1653721291083589,0.3897616516799772
0.16608100813086563,0.7235112431673473,0.1104077487017871
0.12420893119505638,0.7950345977323895,0.08075647107255414
0.2610611857709162,0.5435287032937844,0.19541011093529936
0.2459823097232762,0.5736200889092513,0.1803976013674723
0.260851949351546,0.04758969307727645,0.6915583575711773
0.12071417997871013,0.800885256644755,0.07840056337653496
0.5034064111049028,0.15064920038743485,0.3459443885076623
0.16211157712522584,0.7306031088405978,0.10728531403417645
0.2791981243051276,0.09216586107616173,0.6286360146187108
0.4589801350193272,0.1943435710212868,0.3466762939593859
0.30501462995642387,0.07289575300757337,0.6220896170360027
0.14281709602124457,0.7700049663745698,0.08717793760418567
0.22288053332919575,0.6192590446954904,0.15786042197531377
0.24292722709125011,0.07241280827407189,0.684659964634678
0.3142741203272044,0.05767264106586389,0.6280532386069317
0.14688647065342772,0.7556178146318497,0.09749571471472263
0.15629276531426906,0.739214634855124,0.10449259983060703
0.2330929044195624,0.5989574727909639,0.16794962278947348
0.6150016146304138,0.1782926653875881,0.20670571998199813
0.21756244350330595,0.6289293097364929,0.15350824676020122
0.1066866774454741,0.8247870301722546,0.06852629238227137
0.09313127600757694,0.8493635431753431,0.05750518081707993
0.3056218617771606,0.08196946973624596,0.6124086684865936
0.19859519343576426,0.6682154443420287,0.13318936222220695
0.1685530077771885,0.7182564554959414,0.11319053672687011
0.26865004132226644,0.0675953972700166,0.6637545614077169
0.1939086340559721,0.6742282870132963,0.13186307893073157
0.31300470179995604,0.416993597349015,0.27000170085102904
0.2588795766770896,0.5534776369216365,0.18764278640127394
0.4020038360338189,0.18994543489241117,0.40805072907377005
0.26599125398950596,0.05185777634690131,0.6821509696635928
0.40743323812622023,0.17052250986121886,0.42204425201256107
0.1834051829907229,0.7087759781340205,0.10781883887525659
0.12058088530048076,0.8016865241631571,0.0777325905363621
0.3766256218356268,0.31551044970193176,0.30786392846244137
0.12119544497107858,0.8000523022207507,0.07875225280817062
0.36037550769087084,0.4461987598353643,0.19342573247376474
0.1213679729399754,0.79953191418972,0.07910011287030452
0.24465649084164084,0.05951504825964071,0.6958284608987184
0.27641015947609415,0.0892866579922895,0.6343031825316164
0.23739819489834094,0.06977792311059224,0.6928238819910668
0.36072925425512964,0.46337512640233547,0.17589561934253495
0.6014238846099104,0.18108968411411844,0.21748643127597123
0.2814162660816514,0.09365172275407461,0.6249320111642741
0.1404337506231769,0.7678846992096494,0.09168155016717378
0.44973931718673027,0.1869804701825748,0.36328021263069493
0.2313351740459756,0.053530658342736945,0.7151341676112876
0.25215694631821906,0.07709854477426636,0.6707445089075146
0.1098766531817086,0.8196688419933904,0.07045450482490108
0.19103617932789665,0.7117961831326743,0.0971676375394289
0.20311474227153892,0.04303891683479476,0.7538463408936664
0.32181572335512093,0.12446004504381972,0.5537242316010593
0.10800873193321728,0.8224627667684187,0.06952850129836415
0.22546953099332434,0.6507164896686228,0.12381397933805285
0.2850868205614758,0.05840013398407543,0.6565130454544487
0.16687319082261104,0.7219214573695603,0.1112053518078287
0.29159239743291643,0.0987845054051991,0.6096230971618845
0.5250838567631351,0.3038616025317985,0.17105454070506637
0.34101936336880495,0.1565797014881052,0.5024009351430898
0.10401735727644307,0.8292706628292787,0.06671197989427834
0.10462637691534611,0.8284323048232239,0.06694131826142977
0.10554326670886813,0.8267610775057247,0.06769565578540715
0.21569310737227004,0.05448709400064002,0.7298197986270899
0.20019444356799557,0.6951528492583451,0.10465270717365933
0.2122394559196623,0.6444398673868833,0.14332067669345439
0.10519901589329962,0.8271075181376899,0.06769346596901038
0.1243979825212591,0.7947530948918209,0.08084892258692002
0.2527377448283379,0.07727297519892978,0.6699892799727323
0.23824115140845617,0.06915943363253522,0.6925994149590087
0.26027134949341574,0.0809341930900228,0.6587944574165615
0.27381369959915797,0.0761617788178569,0.6500245215829852
0.07030229717948164,0.8884118718855968,0.04128583093492153
0.12326404464558084,0.7966423691305813,0.08009358622383782
0.3620900423952851,0.37415983085297344,0.2637501267517414
0.257906186749862,0.07373051717647008,0.6683632960736678
0.2984738417428986,0.48137735090114014,0.22014880735596118
0.3066374808513183,0.11261054237160986,0.5807519767770719
0.251973340409775,0.05889233143736965,0.6891343281528555
0.23518106372827063,0.06812858403900082,0.6966903522327287
0.1202845728963247,0.8016374406765989,0.07807798642707636
0.3524162069139457,0.3754453436386699,0.2721384494473845
0.11099743761751862,0.8173896665319902,0.07161289585049117
0.23377288125192974,0.06304712021304501,0.7031799985350252
0.12686793105696828,0.7910392150919204,0.08209285385111122
0.23901462168464688,0.0706155582484456,0.6903698200669075
0.06543929973142684,0.9026464434062548,0.031914256862318274
0.1109700044248217,0.817747514936139,0.07128248063903941
0.19422532811804522,0.6735396835622784,0.13223498831967642
0.22244656608007704,0.05781345746759735,0.7197399764523257
0.3682405281009928,0.1096858969872112,0.522073574911796
0.41012923043628263,0.19774265519689424,0.3921281143668231
0.13797191969076694,0.7740750199603302,0.08795306034890277
0.48623146641678605,0.15640150436285358,0.3573670292203603
0.19845019245205558,0.665760086130557,0.1357897214173874
0.19942737510033312,0.042927938525661014,0.757644686374006
0.3978057023718593,0.2471256933972593,0.35506860423088143
0.21929299126874677,0.05007920918186729,0.7306277995493861
0.3700853443638676,0.08830011828278006,0.5416145373533523
0.13998108516371532,0.7685026673450673,0.09151624749121727
0.4842930488538163,0.23207907108054363,0.2836278800656401
0.10189635661067269,0.8329770720238295,0.06512657136549792
0.10170785157697969,0.83304597682137,0.06524617160165007
0.18626093060369076,0.6869684213978967,0.1267706479984125
0.19446054246204397,0.721995324812934,0.08354413272502195
0.2996816032010523,0.10396063049997946,0.5963577662989682
0.1642354996546385,0.7266564808098894,0.10910801953547218
0.38116009712600474,0.3069316670292295,0.3119082358447658
0.3991193546893797,0.20516702480745716,0.3957136205031631
0.4116734065264164,0.1998709417674594,0.3884556517061241
0.14927463071188848,0.7515728674005958,0.09915250188751569
0.2524301476207715,0.5634274131829252,0.18414243919630321
0.4141147520183867,0.1175791594176538,0.46830608856395944
0.32822190082610897,0.08628785738472168,0.5854902417891695
0.2434364977639902,0.07267495170541961,0.6838885505305903
0.18931706273985144,0.7129024235122776,0.09778051374787082
0.24650316385048532,0.07412974965140612,0.6793670864981086
0.40764173606152443,0.40433517789622475,0.18802308604225088
0.2154971955947239,0.6368230727964308,0.1476797316088453
0.23240387376305813,0.06234982145198123,0.7052463047849608
0.1260740380971945,0.7914715661254127,0.0824543957773927
0.2294109914284464,0.06039515506372471,0.7101938535078289
0.16292805706427077,0.7277972269726979,0.10927471596303125
0.3211466644614868,0.12744518031752178,0.5514081552209915
0.3205291446292637,0.12526782615552218,0.5542030292152141
0.18649840143349022,0.687079721577418,0.12642187698909177
0.23033741996858567,0.6045527718446646,0.16510980818674986
0.3943401314644172,0.18413538085090891,0.4215244876846739
0.13436255523073476,0.7774792813864473,0.08815816338281803
0.1101407476057999,0.8187238398329276,0.07113541256127252
0.42632474226482303,0.10441666879108674,0.46925858894409017
0.2972971847714201,0.465536745565515,0.23716606966306492
0.5087973299821262,0.28863149156580525,0.20257117845206854
0.19619464701025685,0.03533667788657368,0.7684686751031694
0.24517510437866805,0.07357463896730437,0.6812502566540277
0.3619938073109348,0.21960931165578917,0.4183968810332761
0.24818357607235447,0.07450612726317664,0.677310296664469
0.42212029189855926,0.04646113458093448,0.5314185735205063
0.40737579120844963,0.17079998644388078,0.42182422234766964
0.13040447134141686,0.7844448076392124,0.08515072101937067
0.41102251281871627,0.16409208597261704,0.4248854012086667
0.21758561386308384,0.05667251227189012,0.7257418738650262
0.32621042875820416,0.13327964964060915,0.5405099216011867
0.11187168472857333,0.8159758525111476,0.07215246276027923
0.35848782448794586,0.4696007228992678,0.1719114526127864
0.20211419626572308,0.04332218165629482,0.7545636220779822
0.10480314372281481,0.8281865203574026,0.06701033591978253
0.3016241146744716,0.023898893370141044,0.6744769919553874
0.28070641609209945,0.4988769086251983,0.2204166752827023
0.4678222768237558,0.26758910686074233,0.2645886163155018
0.2849982413891921,0.09289040719425701,0.6221113514165508
0.26309785883232817,0.5851976120613598,0.1517045291063122
0.41861678863862734,0.09144194576027152,0.48994126560110113
0.3257277816158839,0.12810054996729467,0.5461716684168214
0.10310606758128159,0.8307150342789225,0.06617889813979581
0.061461672295486255,0.9054306176109903,0.03310771009352344
0.07965552078528595,0.8711232884535075,0.04922119076120633
0.09682345510166604,0.8486002651111317,0.05457627978720215
0.18094747050715349,0.6972764090951041,0.12177612039774234
0.2936790764393284,0.10136149075554976,0.6049594328051218
0.4697450502634327,0.18260853096620053,0.3476464187703668
0.4590756315392722,0.18375697619244738,0.3571673922682805
0.2410449056818312,0.07157355779012946,0.6873815365280393
0.24468581292803776,0.07276811954583338,0.682546067526129
0.42842260066513743,0.19358675681442117,0.37799064252044123
0.24435065517069177,0.07155312994105456,0.6840962148882537
0.13579694820426302,0.7758741570860527,0.0883288947096844
0.40250676259388635,0.20401789431296954,0.39347534309314397
0.25849399774845505,0.07373883904244012,0.6677671632091048
0.11073964124692265,0.8182391598403993,0.07102119891267797
0.26171764937198355,0.5398590809617076,0.1984232696663088
0.36479870442012613,0.19351132798391538,0.4416899675959585
0.18946020300843497,0.6805226304269656,0.1300171665645994
0.4749958525497459,0.29451362814150017,0.23049051930875392
0.10109706871714687,0.8342544463762801,0.06464848490657298
0.4853664572158809,0.2610381937210099,0.2535953490631092
0.24621341497010185,0.07408216078657746,0.6797044242433206
0.24993659826193304,0.07576300957512219,0.6743003921629447
0.24162430957597558,0.5864026626234705,0.17197302780055398
0.10762314010632916,0.8321889243790761,0.06018793551459467
0.48438128617386217,0.25909656662769853,0.25652214719843935
0.26596597514387477,0.08154571876768002,0.6524883060884452
0.24340763316404432,0.07270721117499146,0.6838851556609643
0.327890159798811,0.12296684002952375,0.5491430001716653
0.3348225281314835,0.14543053804620193,0.5197469338223144
0.30216609015851986,0.10679741719899008,0.5910364926424901
0.1354011329103893,0.7758922719317505,0.08870659515786031
0.47701857523509866,0.07329761392362333,0.449683810841278
0.2722596431794169,0.08761368101613339,0.6401266758044496
0.24526723619039292,0.06061398011805638,0.6941187836915509
0.3224272426283837,0.1182069107537216,0.5593658466178947
0.11115644413541978,0.8190741989993351,0.0697693568652451
0.19671893728404313,0.6684335592904355,0.13484750342552135
0.25086588675590443,0.07628244676265873,0.6728516664814369
0.13642661483730972,0.774254652794916,0.08931873236777432
0.40589131456900257,0.15043475065923165,0.44367393477176564
0.3353858693594464,0.1293972830282792,0.5352168476122744
0.2341276667016912,0.05613519817856892,0.7097371351197399
0.04574451134538909,0.9281574662311887,0.026098022423422174
0.09643698205557258,0.8499546597136789,0.053608358230748485
0.41744312343517437,0.29566598539526384,0.2868908911695618
0.11677292528264688,0.8074595324130015,0.07576754230435159
0.4316066321968252,0.18410678803969616,0.38428657976347885
0.25076079493373776,0.076269026581901,0.6729701784843612
0.5355710063188568,0.20695187399268447,0.2574771196884588
0.10413196076666546,0.828952919694057,0.06691511953927738
0.1946584711551572,0.6876832320178745,0.11765829682696818
0.1553129316576995,0.7537569432631286,0.09093012507917195
0.29060806381456883,0.48941893442195405,0.21997300176347717
0.03947376550614746,0.9389163818460488,0.021609852647803778
0.3575802569203774,0.5061846231821767,0.13623511989744586
0.10270933390735397,0.8340513268925545,0.0632393392000917
0.2071340237672737,0.6829289252472839,0.10993705098544254
0.4140973000322322,0.08324308492390683,0.5026596150438609
0.41590457013198745,0.18747004761259528,0.3966253822554173
0.06810355891444539,0.8903815508011357,0.04151489028441901
0.11261012034413001,0.8146759789505367,0.07271390070533333
0.04301067412388662,0.9320622308007437,0.0249270950753695
0.11243341741813005,0.8149497546481033,0.07261682793376692
0.2516400334036603,0.07663465665970418,0.6717253099366355
0.27492715653975885,0.08852955348513564,0.6365432899751056
0.10679936536014524,0.8243740958377337,0.06882653880212103
0.12727363795638627,0.7904279094012693,0.08229845264234449
0.22838075626596077,0.6081858433944767,0.16343340033956252
0.427771329329317,0.156250024001978,0.4159786466687049
0.3447842766559423,0.12495095499533869,0.530264768348719
0.2503764687347786,0.07615796202622437,0.673465569238997
0.10764454546108244,0.8232425969155693,0.06911285762334816
0.24358689284347684,0.07272244130677279,0.6836906658497505
0.4148544375631764,0.09024222502262459,0.49490333741419895
0.3310307977298938,0.10325325360369324,0.5657159486664131
0.09287894534866528,0.8517353386977067,0.05538571595362805
0.2414959569114202,0.6001486750158014,0.15835536807277845
0.22507341438164954,0.05881594900521808,0.7161106366131325
0.25907786841100844,0.07103841051636021,0.6698837210726314
0.5325141833423069,0.21116512467120568,0.2563206919864874
0.0764497565741626,0.8767267802255002,0.04682346320033712
0.38022845235538505,0.14033116329456027,0.47944038435005476
0.2815837619697134,0.06858827730348196,0.6498279607268046
0.2074545287630341,0.6494875643214737,0.1430579069154922
0.16506406263121232,0.7244635015009706,0.11047243586781716
0.24781943544620746,0.07482789818874624,0.6773526663650462
0.1420816793517735,0.7649719297738883,0.09294639087433824
0.3592727637260479,0.15220963133843116,0.48851760493552104
0.29802926804960556,0.5376032294603962,0.16436750248999818
0.13168591690233544,0.7822974342545356,0.08601664884312907
0.3546378212675833,0.1988967506419352,0.44646542809048156
0.2037747652814011,0.6542009243281072,0.14202431039049176
0.2748224236408226,0.05029499059721954,0.6748825857619579
0.12450935377079123,0.7947559531175556,0.0807346931116531
0.36555553230580895,0.23619343744564156,0.3982510302485495
0.23523442061198943,0.0682168445973901,0.6965487347906205
0.2437277312732817,0.07282940706776315,0.6834428616589551
0.6191522820897956,0.12150839943521484,0.25933931847498964
0.06022913877872035,0.9045647591187117,0.035206102102567895
0.07305935410050443,0.8820520013475058,0.04488864455198965
0.32905417656619185,0.36267512074658376,0.30827070268722445
0.35081022225684344,0.37632203045075313,0.2728677472924033
0.0982132535840863,0.8389946781120403,0.0627920683038734
0.0864535882411469,0.8691386737585438,0.04440773800030912
0.5220597353048243,0.30085748176686833,0.17708278292830754
0.0709697130327313,0.8872178168089376,0.04181247015833111
0.3079620298403413,0.432587406097311,0.2594505640623477
0.2409407238106854,0.07159947157352231,0.6874598046157924
0.17831316990077717,0.7011153372650389,0.12057149283418382
0.043201867034867954,0.9335112274874999,0.023286905477632052
0.25835017635094026,0.5494811093535479,0.19216871429551188
0.29041353350927956,0.08857150513524234,0.6210149613554782
0.16505219884521624,0.7383070631185228,0.09664073803626097
0.1482649771358311,0.7543647527677099,0.09737027009645892
0.14372830797823316,0.7623829453406769,0.09388874668109005
0.23728595876898262,0.06943907505859784,0.6932749661724196
0.39327717995993294,0.19452832609499843,0.4121944939450685
0.22457487044197855,0.6176880501086759,0.1577370794493456
0.3596630904899047,0.45665473839466636,0.1836821711154289
0.34839995213652764,0.3239769014096778,0.3276231464537945
0.13294067074215582,0.7799848588319909,0.08707447042585333
0.3801637757525431,0.12553961346795653,0.4942966107795004
0.07469511220628595,0.8796223548948577,0.04568253289885625
0.16712428544160093,0.7209753404241439,0.11190037413425508
0.25022375169216265,0.07603018782212716,0.6737460604857103
0.32361742952392897,0.0931422273427666,0.5832403431333043
0.3395729322023711,0.09876855449588957,0.5616585133017393
0.0978995890289042,0.8416328132272991,0.060467597743796606
0.11567009507394678,0.8094647451767908,0.07486515974926251
0.04468865713147043,0.931122781764503,0.024188561104026497
0.10835649027356829,0.8217174690987576,0.06992604062767403
0.540077751657455,0.12923921192633475,0.33068303641621044
0.35701472841908866,0.4722577870979018,0.17072748448300937
0.13966480279127155,0.7689003661550626,0.0914348310536657
0.38995176476926,0.22462623020373246,0.38542200502700746
0.1882457979184867,0.6836067537666904,0.1281474483148229
0.32740401481360143,0.4221539646008458,0.25044202058555276
0.49266047478463637,0.15426829708926168,0.35307122812610175
0.15614983217133846,0.7396291898071551,0.10422097802150648
0.10639077376407415,0.825082867073568,0.06852635916235783
0.4325709291958461,0.1891425870438666,0.3782864837602872
0.20983703552638003,0.05319085781484863,0.7369721066587713
0.5765746644055642,0.06393720695329064,0.3594881286411452
0.2621709015346516,0.5638934036931585,0.1739356947721898
0.17655686457282188,0.7041107017305192,0.1193324336966591
0.2567897897446508,0.5643602722051012,0.17884993805024815
0.11651779322686852,0.8081107735423773,0.0753714332307542
0.21152749096129864,0.6710077363572434,0.11746477268145779
0.6698159006285923,0.15148032663573843,0.1787037727356692
0.3272299886851014,0.3671377109043469,0.30563230041055167
0.24469645856281771,0.5797816430397061,0.1755218983974762
0.38610961519274534,0.21115717748350576,0.40273320732374873
0.1697426521443023,0.7449616655069481,0.08529568234874979
0.3027177130143117,0.07245790693171268,0.6248243800539756
0.10477582119721182,0.8279963667691631,0.06722781203362482
0.24277560812872676,0.07225417116214064,0.6849702207091326
0.2736836866637669,0.5643595583817548,0.16195675495447842
0.2817962112659122,0.09386969297859628,0.6243340957554915
0.2935833890402261,0.06002832993786752,0.6463882810219065
0.274507765947405,0.5154454647906929,0.2100467692619021
0.25176408216444457,0.07643370940703713,0.6718022084285185
0.2959560415604465,0.06406066949678864,0.6399832889427648
0.22084212554890117,0.6224261212884763,0.15673175316262256
0.2502123586743589,0.0760108132685098,0.6737768280571313
0.24245367166287674,0.5818791248950113,0.17566720344211195
0.2964466596674956,0.5429027415312705,0.1606505988012339
0.1300337980266815,0.7848627181020743,0.08510348387124439
0.5023715868494597,0.2375936645364368,0.26003474861410364
0.38032788571129134,0.2049847628634167,0.41468735142529195
0.4297713025572024,0.07611089921086471,0.4941177982319328
0.23855543496463696,0.07035147432583208,0.691093090709531
0.25224277874414747,0.07560610863484216,0.6721511126210106
0.3935923080650776,0.21977520817293306,0.38663248376198933
0.25392920518731377,0.5572565855405214,0.18881420927216475
0.7588674133322363,0.062178282570241036,0.17895430409752255
0.31394183333548803,0.11978305731009123,0.5662751093544207
0.391859500158571,0.30151796496018896,0.3066225348812399
0.5074538906341571,0.15856661986438106,0.33397948950146183
0.2847008846322158,0.07290637082035235,0.6423927445474318
0.2375278842510569,0.06919873074037133,0.6932733850085718
0.2066428941016814,0.6508679973082122,0.14248910859010636
0.31310166245744014,0.11865517090118285,0.568243166641377
0.2610729331115191,0.08159201282275164,0.6573350540657292
0.24140171065442695,0.583573388574479,0.17502490077109384
0.3074000172987619,0.43378713938155833,0.2588128433196797
0.4001146075102547,0.12797155891126555,0.4719138335784798
0.30604463599800186,0.4373447457757876,0.2566106182262104
0.5327103447420943,0.11988406991941425,0.34740558533849136
0.14953568960727384,0.7517894055051564,0.09867490488756975
0.10704838862025623,0.8242336193774242,0.06871799200231946
0.28118225954029397,0.499272543889727,0.21954519656997903
0.5416100806551088,0.13396814397392204,0.32442177537096917
0.22379184241393293,0.05821394231012065,0.7179942152759464
0.257606928306836,0.04847131844716097,0.693921753246003
0.5381770917548937,0.20603174761299717,0.2557911606321091
0.4066716885535702,0.14910546118946025,0.4442228502569695
0.2039516597828382,0.6580439840810944,0.13800435613606749
0.10353104399327957,0.8300664091340909,0.06640254687262959
0.23281539085432282,0.06266392853483757,0.7045206806108397
0.2618716310132629,0.6032588691934718,0.13486949979326518
0.22352949627433846,0.058264065876285874,0.7182064378493755
0.34181570165111175,0.15330798019863207,0.5048763181502562
0.35750181879732046,0.46642271639611593,0.17607546480656358
0.19420324611496104,0.7059672067974349,0.09982954708760428
0.5451904009557388,0.1573795725113572,0.2974300265329039
0.20887433427758834,0.6542032358601174,0.1369224298622942
0.39779366730004856,0.42303929364820014,0.1791670390517512
0.12895955631683684,0.7895647470334165,0.08147569664974656
0.12610619900886197,0.7916255003603297,0.08226830063080814
0.24469286009692304,0.5764975115472265,0.17880962835585062
0.25370673210446415,0.052901969728568636,0.6933912981669673
0.10597633476505422,0.8261771520324017,0.06784651320254402
0.1541926554861916,0.7432219343699906,0.10258541014381789
0.219015037264964,0.057179986915537516,0.7238049758194984
0.34188293245693674,0.1572068860470252,0.500910181496038
0.15162295304309226,0.7480769493896068,0.10030009756730099
0.10110141953099683,0.8341169226916829,0.06478165777732017
0.42782593489501825,0.17415126716911009,0.39802279793587153
0.1945430462962878,0.671993094956878,0.13346385874683417
0.25376055210339843,0.5570570323596636,0.18918241553693782
0.3814770438191567,0.12794515237039628,0.49057780381044697
0.26962866215777265,0.5338500793360796,0.1965212585061476
0.10978461051911796,0.8195604295610244,0.07065495991985749
0.2255401014843567,0.6134333452442404,0.161026553271403
0.19499944128348076,0.7033212985834045,0.10167926013311472
0.07960445400754504,0.8742565183130385,0.04613902767941641
0.15937619670289446,0.7612888794452664,0.0793349238518391
0.17082706969126207,0.7135755794268147,0.11559735088192333
0.15983230046772243,0.7336133639222409,0.10655433561003674
0.12396466161296596,0.7952274351507765,0.08080790323625761
0.2399673016971453,0.07074146260010206,0.6892912357027527
0.39050441781230977,0.14517943678511305,0.4643161454025772
0.08238953974926838,0.8694389041121603,0.04817155613857126
0.3508517887484143,0.37699965739617824,0.27214855385540754
0.6269560576657006,0.11832878301383104,0.2547151593204684
0.25014167497059114,0.07595098555520799,0.6739073394742008
0.374058953279184,0.13122377667394916,0.49471727004686666
0.25180773826167285,0.07507643658413674,0.6731158251541904
0.14104137239336398,0.7669396734103704,0.0920189541962656
0.07420186106203695,0.8804094046332356,0.04538873430472729
0.248227153194762,0.07503207802118031,0.6767407687840578
0.1727223156963526,0.7148413267542798,0.11243635754936765
0.2984923120336898,0.4566759101222689,0.24483177784404112
0.23937161012671304,0.5880978597340634,0.17253053013922356
0.2876812381189531,0.4835618938005412,0.2287568680805058
0.3568755089313044,0.10986037256284138,0.5332641185058543
0.21916234558494171,0.6268502474633372,0.15398740695172097
0.4898743573274676,0.26023217546564137,0.2498934672068911
0.24358018250862684,0.0728268385036506,0.6835929789877225
0.12079998196098962,0.800764770080139,0.07843524795887136
0.11576411956904065,0.8091094287472834,0.07512645168367597
0.2862400770725722,0.4869642458194722,0.2267956771079557
0.41347477830091894,0.21965504087857635,0.3668701808205048
0.3894183521689356,0.2158484960853488,0.39473315174571566
0.17664019679887769,0.7033779372454908,0.11998186595563143
0.1406567763875512,0.7936873617730753,0.06565586183937352
0.4180990704985823,0.17798519006639224,0.40391573943502557
0.22796867584155434,0.6133864217516005,0.15864490240684517
0.4113605350637991,0.1968843600051755,0.3917551049310254
0.2896457834768303,0.07418000963828171,0.6361742068848879
0.12373954918295417,0.7962091958165822,0.0800512550004634
0.2638570437936932,0.5439007561408756,0.19224220006543108
0.2303248255628328,0.061540417537700454,0.7081347568994668
0.08830777231082776,0.8571132941956886,0.05457893349348349
0.4148260743900929,0.3671883379316399,0.21798558767826712
0.1179780077579023,0.8054772166777748,0.07654477556432299
0.40270973346702715,0.20376127379897221,0.39352899273400055
0.123532171361452,0.7964315049847026,0.08003632365384544
0.36690456869469246,0.23869974624522514,0.3943956850600824
0.42086224369978775,0.07295992936097848,0.5061778269392337
0.22042514841581753,0.05625240816224399,0.7233224434219385
0.15820527690481415,0.7400338061088584,0.10176091698632729
0.2136258955966093,0.6725639264133563,0.11381017799003444
0.2701984041895226,0.08558236471578473,0.6442192310946926
0.10156567255370744,0.8334189130608723,0.06501541438542029
0.29343017201590677,0.10174601839806047,0.6048238095860329
0.2357268456696496,0.5931583255472644,0.171114828783086
0.47345771747849497,0.2628908886727138,0.26365139384879116
0.3344201072522287,0.13152530881203092,0.5340545839357403
0.41719882258766133,0.19793109501010606,0.3848700824022326
0.3583419767668657,0.10948230006794546,0.5321757231651888
0.11232097905226052,0.8151804395753225,0.07249858137241702
0.10211522468645898,0.8325145272787283,0.06537024803481276
